  -3.0434178831651120        5.9421206251752633E-041
  -2.9452431127404308        2.1247728337964181E-038
  -2.8470683423157501        6.2656547839149568E-036
  -2.7488935718910690        1.5237135784576444E-033
  -2.6507188014663878        3.0557873527015869E-031
  -2.5525440310417071        5.0538906057223133E-029
  -2.4543692606170260        6.8930505255534701E-027
  -2.3561944901923448        7.7531824360306501E-025
  -2.2580197197676637        7.1916983224665494E-023
  -2.1598449493429825        5.5013064257119624E-021
  -2.0616701789183018        3.4704287098968074E-019
  -1.9634954084936207        1.8054411450801159E-017
  -1.8653206380689396        7.7458032326207474E-016
  -1.7671458676442586        2.7405170087603245E-014
  -1.6689710972195777        7.9961597121620555E-013
  -1.5707963267948966        1.9240366249180292E-011
  -1.4726215563702154        3.8179314481323852E-010
  -1.3744467859455345        6.2477815234269243E-009
  -1.2762720155208536        8.4315313528290037E-008
  -1.1780972450961724        9.3836111106099002E-007
  -1.0799224746714913        8.6122466446526809E-006
 -0.98174770424681035        6.5184724433103706E-005
 -0.88357293382212931        4.0687230141235223E-004
 -0.78539816339744828        2.0943696398932430E-003
 -0.68722339297276724        8.8906079309059756E-003
 -0.58904862254808621        3.1123791708719768E-002
 -0.49087385212340517        8.9853802053834392E-002
 -0.39269908169872414       0.21392588308149929     
 -0.29452431127404310       0.42002305078531715     
 -0.19634954084936207       0.68008912979547687     
  -9.8174770424681035E-002  0.90811627351864632     
   0.0000000000000000        1.0000000000000000     
   9.8174770424681035E-002  0.90811627351864632     
  0.19634954084936207       0.68008912979547687     
  0.29452431127404310       0.42002305078531715     
  0.39269908169872414       0.21392588308149929     
  0.49087385212340517        8.9853802053834392E-002
  0.58904862254808621        3.1123791708719768E-002
  0.68722339297276724        8.8906079309059756E-003
  0.78539816339744828        2.0943696398932430E-003
  0.88357293382212931        4.0687230141235223E-004
  0.98174770424681035        6.5184724433103706E-005
   1.0799224746714913        8.6122466446526809E-006
   1.1780972450961724        9.3836111106099002E-007
   1.2762720155208536        8.4315313528290037E-008
   1.3744467859455345        6.2477815234269243E-009
   1.4726215563702154        3.8179314481323852E-010
   1.5707963267948966        1.9240366249180292E-011
   1.6689710972195777        7.9961597121620555E-013
   1.7671458676442586        2.7405170087603245E-014
   1.8653206380689396        7.7458032326207474E-016
   1.9634954084936207        1.8054411450801159E-017
   2.0616701789183018        3.4704287098968074E-019
   2.1598449493429825        5.5013064257119624E-021
   2.2580197197676637        7.1916983224665494E-023
   2.3561944901923448        7.7531824360306501E-025
   2.4543692606170260        6.8930505255534701E-027
   2.5525440310417071        5.0538906057223133E-029
   2.6507188014663878        3.0557873527015869E-031
   2.7488935718910690        1.5237135784576444E-033
   2.8470683423157501        6.2656547839149568E-036
   2.9452431127404308        2.1247728337964181E-038
   3.0434178831651120        5.9421206251752633E-041
   3.1415926535897931        1.3704188986428171E-043
