  -3.1170489609836229        2.4541228524210368E-002
  -3.0925052683774528        4.9067674325574018E-002
  -3.0679615757712821        7.3564563601255628E-002
  -3.0434178831651120        9.8017140329126562E-002
  -3.0188741905589418       0.12241067519976845     
  -2.9943304979527716       0.14673047445450660     
  -2.9697868053466014       0.17096188876011054     
  -2.9452431127404308       0.19509032201674126     
  -2.9206994201342606       0.21910124015705923     
  -2.8961557275280905       0.24298017990316056     
  -2.8716120349219203       0.26671275747497258     
  -2.8470683423157501       0.29028467725403173     
  -2.8225246497095799       0.31368174039858365     
  -2.7979809571034093       0.33688985339270472     
  -2.7734372644972392       0.35989503653530797     
  -2.7488935718910690       0.38268343236448921     
  -2.7243498792848988       0.40524131400570162     
  -2.6998061866787286       0.42755509342919051     
  -2.6752624940725580       0.44961132965571116     
  -2.6507188014663878       0.47139673682510708     
  -2.6261751088602177       0.49289819223096520     
  -2.6016314162540475       0.51410274419218549     
  -2.5770877236478773       0.53499761988739736     
  -2.5525440310417071       0.55557023301918695     
  -2.5280003384355365       0.57580819141827977     
  -2.5034566458293663       0.59569930449278052     
  -2.4789129532231962       0.61523159058004173     
  -2.4543692606170260       0.63439328416397878     
  -2.4298255680108558       0.65317284295343137     
  -2.4052818754046852       0.67155895484671912     
  -2.3807381827985150       0.68954054473802984     
  -2.3561944901923448       0.70710678118648418     
  -2.3316507975861747       0.72424708295093709     
  -2.3071071049800045       0.74095112535470653     
  -2.2825634123738339       0.75720884650707210     
  -2.2580197197676637       0.77301045336237195     
  -2.2334760271614935       0.78834642762768281     
  -2.2089323345553233       0.80320753147893231     
  -2.1843886419491532       0.81758481315227260     
  -2.1598449493429825       0.83146961230258565     
  -2.1353012567368124       0.84485356525035549     
  -2.1107575641306422       0.85772860999950640     
  -2.0862138715244720       0.87008699110923360     
  -2.0616701789183018       0.88192126434777929     
  -2.0371264863121317       0.89322430119565666     
  -2.0125827937059610       0.90398929312338572     
  -1.9880391010997909       0.91420975570416019     
  -1.9634954084936207       0.92387953251054600     
  -1.9389517158874505       0.93299279883551933     
  -1.9144080232812801       0.94154406518247513     
  -1.8898643306751099       0.94952818059423549     
  -1.8653206380689396       0.95694033573218107     
  -1.8407769454627694       0.96377606579975927     
  -1.8162332528565992       0.97003125319910222     
  -1.7916895602504288       0.97570213005351480     
  -1.7671458676442586       0.98078528043667168     
  -1.7426021750380885       0.98527764246658556     
  -1.7180584824319181       0.98917651014124663     
  -1.6935147898257479       0.99247953499280805     
  -1.6689710972195777       0.99518472754742848     
  -1.6444274046134073       0.99729045859372401     
  -1.6198837120072371       0.99879546034092193     
  -1.5953400194010667       0.99969882752571693     
  -1.5707963267948966        1.0000000186044633     
  -1.5462526341887264       0.99969885741295006     
  -1.5217089415825560       0.99879553577204816     
  -1.4971652489763858       0.99729061814264974     
  -1.4726215563702154       0.99518505022057624     
  -1.4480778637640452       0.99248017479633877     
  -1.4235341711578751       0.98917776076337072     
  -1.3989904785517047       0.98528005534923513     
  -1.3744467859455345       0.98078987653142102     
  -1.3499030933393643       0.97571077377616344     
  -1.3253594007331939       0.97004730288938157     
  -1.3008157081270237       0.96380548798888910     
  -1.2762720155208536       0.95699358490732789     
  -1.2517283229146832       0.94962332120270454     
  -1.2271846303085130       0.94171187558780556     
  -1.2026409377023426       0.93328498212435207     
  -1.1780972450961724       0.92438171075266595     
  -1.1535535524900022       0.91506169306247420     
  -1.1290098598838318       0.90541583503022249     
  -1.1044661672776617       0.89558188322987320     
  -1.0799224746714913       0.88576657224853406     
  -1.0553787820653211       0.87627644303016838     
  -1.0308350894591509       0.86755972285930316     
  -1.0062913968529805       0.86026180037530720     
 -0.98174770424681035       0.85529667658307151     
 -0.95720401164064006       0.85393614729989265     
 -0.93266031903446978       0.85791716254326622     
 -0.90811662642829960       0.86956558891622182     
 -0.88357293382212931       0.89193126976106285     
 -0.85902924121595903       0.92892470763757795     
 -0.83448554860978885       0.98543990596158038     
 -0.80994185600361857        1.0674411520975449     
 -0.78539816339744828        1.1819843689967697     
 -0.76085447079127799        1.3371370506026132     
 -0.73631077818510771        1.5417560757111044     
 -0.71176708557893753        1.8050815678012562     
 -0.68722339297276724        2.1361093496249177     
 -0.66267970036659696        2.5427163012170162     
 -0.63813600776042678        3.0305335271207601     
 -0.61359231515425650        3.6015922643015852     
 -0.58904862254808621        4.2528061616369346     
 -0.56450492994191592        4.9743984140330362     
 -0.53996123733574564        5.7484287110168779     
 -0.51541754472957546        6.5476165797551822     
 -0.49087385212340517        7.3346864820579185     
 -0.46633015951723489        8.0624673787291190     
 -0.44178646691106466        8.6749575328261628     
 -0.41724277430489443        9.1095085427281397     
 -0.39269908169872414        9.3001894235188960     
 -0.36815538909255385        9.1822658331685201     
 -0.34361169648638362        8.6975812950181748     
 -0.31906800388021339        7.8004725625819242     
 -0.29452431127404310        6.4637109130556745     
 -0.26998061866787282        4.6838582333856467     
 -0.24543692606170259        2.4853832477274018     
 -0.22089323345553233       -7.7083917420618597E-002
 -0.19634954084936207       -2.9188632141429749     
 -0.17180584824319181       -5.9280079471804434     
 -0.14726215563702155       -8.9708018841460682     
 -0.12271846303085129       -11.899711571392823     
  -9.8174770424681035E-002  -14.563234581781785     
  -7.3631077818510776E-002  -16.816824751634798     
  -4.9087385212340517E-002  -18.533895487448408     
  -2.4543692606170259E-002  -19.615832071126633     
   0.0000000000000000       -19.999999701977352     
   2.4543692606170259E-002  -19.664914528172080     
   4.9087385212340517E-002  -18.632030836103784     
   7.3631077818510776E-002  -16.963953878833376     
   9.8174770424681035E-002  -14.759268862441427     
  0.12271846303085129       -12.144532921791312     
  0.14726215563702155       -9.2642628330565060     
  0.17180584824319181       -6.2699317247012392     
  0.19634954084936207       -3.3090438581750452     
  0.22089323345553233      -0.51528639773469509     
  0.24543692606170259        1.9994228879208977     
  0.26998061866787282        4.1504327184357974     
  0.29452431127404310        5.8831415585475977     
  0.31906800388021339        7.1731090817832044     
  0.34361169648638362        8.0238015882341109     
  0.36815538909255385        8.4624757600986715     
  0.39269908169872414        8.5348225587887061     
  0.41724277430489443        8.2990259147180989     
  0.44178646691106466        7.8198473459649067     
  0.46633015951723489        7.1632447194206836     
  0.49087385212340517        6.3918930084058507     
  0.51541754472957546        5.5618201952944997     
  0.53996123733574564        4.7202232226324137     
  0.56450492994191592        3.9044031742575633     
  0.58904862254808621        3.1416656955983955     
  0.61359231515425650        2.4499758814654014     
  0.63813600776042678        1.8391349181354930     
  0.66267970036659696        1.3122531200568823     
  0.68722339297276724       0.86732278129688023     
  0.71176708557893753       0.49873588189399265     
  0.73631077818510771       0.19863816601662343     
  0.76085447079127799       -4.1944038871127631E-002
  0.78539816339744828      -0.23222919337627856     
  0.80994185600361857      -0.38105301380481449     
  0.83448554860978885      -0.49646234475000967     
  0.85902924121595903      -0.58549298537396455     
  0.88357293382212931      -0.65408963696538358     
  0.90811662642829960      -0.70712726633720191     
  0.93266031903446978      -0.74849790041630559     
  0.95720401164064006      -0.78123347900434370     
  0.98174770424681035      -0.80764254802220947     
   1.0062913968529805      -0.82944533012362509     
   1.0308350894591509      -0.84789749714185059     
   1.0553787820653211      -0.86389753918713164     
   1.0799224746714913      -0.87807595644698500     
   1.1044661672776617      -0.89086671916200877     
   1.1290098598838318      -0.90256275121706997     
   1.1535535524900022      -0.91335781834430296     
   1.1780972450961724      -0.92337735426980472     
   1.2026409377023426      -0.93270061554511252     
   1.2271846303085130      -0.94137625477845721     
   1.2517283229146832      -0.94943303998349426     
   1.2762720155208536      -0.95688708655643850     
   1.3008157081270237      -0.96374664360326368     
   1.3253594007331939      -0.97001520349839931     
   1.3499030933393643      -0.97569348630108144     
   1.3744467859455345      -0.98078068427534570     
   1.3989904785517047      -0.98527522942822576     
   1.4235341711578751      -0.98917525916722715     
   1.4480778637640452      -0.99247889440037207     
   1.4726215563702154      -0.99518440312319612     
   1.4971652489763858      -0.99729029521549217     
   1.5217089415825560      -0.99879537663817586     
   1.5462526341887264      -0.99969877997936785     
   1.5707963267948966      -0.99999998139571522     
   1.5953400194010667      -0.99969880986667559     
   1.6198837120072371      -0.99879545206921683     
   1.6444274046134073      -0.99729045476396139     
   1.6689710972195777      -0.99518472579709349     
   1.6935147898257479      -0.99247953420394186     
   1.7180584824319181      -0.98917650978883254     
   1.7426021750380885      -0.98527764231116222     
   1.7671458676442586      -0.98078528036976509     
   1.7916895602504288      -0.97570213002414063     
   1.8162332528565992      -0.97003125318850703     
   1.8407769454627694      -0.96377606579245922     
   1.8653206380689396      -0.95694033573129489     
   1.8898643306751099      -0.94952818059245625     
   1.9144080232812801      -0.94154406518341460     
   1.9389517158874505      -0.93299279883409802     
   1.9634954084936207      -0.92387953251183230     
   1.9880391010997909      -0.91420975570207874     
   2.0125827937059610      -0.90398929312571774     
   2.0371264863121317      -0.89322430119399332     
   2.0616701789183018      -0.88192126434854889     
   2.0862138715244720      -0.87008699110906074     
   2.1107575641306422      -0.85772861000002554     
   2.1353012567368124      -0.84485356524912436     
   2.1598449493429825      -0.83146961230396521     
   2.1843886419491532      -0.81758481315046205     
   2.2089323345553233      -0.80320753148129009     
   2.2334760271614935      -0.78834642762555818     
   2.2580197197676637      -0.77301045336367746     
   2.2825634123738339      -0.75720884650632070     
   2.3071071049800045      -0.74095112535491703     
   2.3316507975861747      -0.72424708295151508     
   2.3561944901923448      -0.70710678118663961     
   2.3807381827985150      -0.68954054473597970     
   2.4052818754046852      -0.67155895484913497     
   2.4298255680108558      -0.65317284295214995     
   2.4543692606170260      -0.63439328416438800     
   2.4789129532231962      -0.61523159057992838     
   2.5034566458293663      -0.59569930449280717     
   2.5280003384355365      -0.57580819141822825     
   2.5525440310417071      -0.55557023301911501     
   2.5770877236478773      -0.53499761988736605     
   2.6016314162540475      -0.51410274419278235     
   2.6261751088602177      -0.49289819222949083     
   2.6507188014663878      -0.47139673682692385     
   2.6752624940725580      -0.44961132965474304     
   2.6998061866787286      -0.42755509342944453     
   2.7243498792848988      -0.40524131400525132     
   2.7488935718910690      -0.38268343236553370     
   2.7734372644972392      -0.35989503653407695     
   2.7979809571034093      -0.33688985339352850     
   2.8225246497095799      -0.31368174039798813     
   2.8470683423157501      -0.29028467725463081     
   2.8716120349219203      -0.26671275747462442     
   2.8961557275280905      -0.24298017990362086     
   2.9206994201342606      -0.21910124015628696     
   2.9452431127404308      -0.19509032201760723     
   2.9697868053466014      -0.17096188875894036     
   2.9943304979527716      -0.14673047445574916     
   3.0188741905589418      -0.12241067519890159     
   3.0434178831651120       -9.8017140329910823E-002
   3.0679615757712821       -7.3564563600131194E-002
   3.0925052683774528       -4.9067674326845889E-002
   3.1170489609836229       -2.4541228522638292E-002
   3.1415926535897931       -9.5745633643673500E-013
