           1   9.1104150508471030E-005
           2  -9.0868276317025479E-005
           3   9.0788428053682790E-005
           4  -9.1697942387109334E-005
           5   9.2274972116593635E-005
           6  -9.4387776070855206E-005
           7   9.5689597975977096E-005
           8  -9.9166262814048619E-005
           9   1.0132958714289320E-004
          10  -1.0646353287648353E-004
          11   1.0972296046990950E-004
          12  -1.1700126448510333E-004
          13   1.2174554985164595E-004
          14  -1.3196500206813839E-004
          15   1.3884750140432517E-004
          16  -1.5334242864423935E-004
          17   1.6351529035597850E-004
          18  -1.8460947040366938E-004
          19   2.0060984350906720E-004
          20  -2.2962423392934573E-004
          21   2.8028935474362941E-004
          22  -1.6700006618768971E-004
          23   1.0873124299156255E-003
          24   2.9341637155794703E-003
          25   1.1615389101029414E-002
          26   3.3168227283032044E-002
          27   6.8890542809615901E-002
          28  0.14057807564397481     
          29  0.19679110067627162     
          30  0.33270259258933715     
          31  0.36592962407942758     
          32  0.57667446049680016     
          33  0.56111207131670549     
          34  0.80807565878924825     
          35  0.78116363584955906     
          36   1.0039130739131281     
          37  0.73831783766814707     
          38   6.5924372574936885E-002
          39   1.6238212268291256E-002
          40   2.5361696887235656E-003
          41   1.6412346298869279E-003
          42  -4.6835748536637266E-004
          43   5.6594957752757378E-004
          44  -4.1220495727515904E-004
          45   3.7252912583615033E-004
          46  -3.0037260216959932E-004
          47   2.7328273377155368E-004
          48  -2.2999870932256886E-004
          49   2.1228306569763748E-004
          50  -1.8455813850485204E-004
          51   1.7252365822851266E-004
          52  -1.5395163781304521E-004
          53   1.4551436251407813E-004
          54  -1.3269505420557268E-004
          55   1.2665261009758564E-004
          56  -1.1766488231108670E-004
          57   1.1329680607000596E-004
          58  -1.0700225177043736E-004
          59   1.0386379484964516E-004
          60  -9.9566618213023662E-005
          61   9.7379497760636315E-005
          62  -9.4650915196704781E-005
          63   9.3243822694670270E-005
          64  -9.1828080756663213E-005
