  -3.0434178831651120       -9.8017140329560826E-002
  -2.9452431127404308      -0.19509032201612861     
  -2.8470683423157501      -0.29028467725446239     
  -2.7488935718910690      -0.38268343236508989     
  -2.6507188014663878      -0.47139673682599786     
  -2.5525440310417071      -0.55557023301960218     
  -2.4543692606170260      -0.63439328416364549     
  -2.3561944901923448      -0.70710678118654757     
  -2.2580197197676637      -0.77301045336273710     
  -2.1598449493429825      -0.83146961230254546     
  -2.0616701789183018      -0.88192126434835505     
  -1.9634954084936207      -0.92387953251128674     
  -1.8653206380689396      -0.95694033573220816     
  -1.7671458676442586      -0.98078528040320301     
  -1.6689710972195777      -0.99518472667139735     
  -1.5707963267948966      -0.99999999998075961     
  -1.4726215563702154      -0.99518472629040367     
  -1.3744467859455345      -0.98078527415544892     
  -1.2762720155208536      -0.95694025141689543     
  -1.1780972450961724      -0.92387859415017570     
  -1.0799224746714913      -0.88191265210171033     
 -0.98174770424681035      -0.83140442757811217     
 -0.88357293382212931      -0.77260358106132465     
 -0.78539816339744828      -0.70501241154665417     
 -0.68722339297276724      -0.62550267623273947     
 -0.58904862254808621      -0.52444644131088236     
 -0.49087385212340517      -0.38154293477216328     
 -0.39269908169872414      -0.16875754928359049     
 -0.29452431127404310       0.12973837353085482     
 -0.19634954084936207       0.48499880777934862     
  -9.8174770424681035E-002  0.81009913318908566     
   0.0000000000000000        1.0000000000000000     
   9.8174770424681035E-002   1.0061334138482070     
  0.19634954084936207       0.87517945181160517     
  0.29452431127404310       0.71030772803977948     
  0.39269908169872414       0.59660931544658902     
  0.49087385212340517       0.56125053887983201     
  0.58904862254808621       0.58669402472832199     
  0.68722339297276724       0.64328389209455150     
  0.78539816339744828       0.70920115082644075     
  0.88357293382212931       0.77341732566414934     
  0.98174770424681035       0.83153479702697830     
   1.0799224746714913       0.88192987659499955     
   1.1780972450961724       0.92388047087239777     
   1.2762720155208536       0.95694042004752244     
   1.3744467859455345       0.98078528665101194     
   1.4726215563702154       0.99518472705398997     
   1.5707963267948966        1.0000000000192404     
   1.6689710972195777       0.99518472667299651     
   1.7671458676442586       0.98078528040325785     
   1.8653206380689396       0.95694033573220971     
   1.9634954084936207       0.92387953251128674     
   2.0616701789183018       0.88192126434835505     
   2.1598449493429825       0.83146961230254546     
   2.2580197197676637       0.77301045336273710     
   2.3561944901923448       0.70710678118654757     
   2.4543692606170260       0.63439328416364549     
   2.5525440310417071       0.55557023301960218     
   2.6507188014663878       0.47139673682599786     
   2.7488935718910690       0.38268343236508989     
   2.8470683423157501       0.29028467725446239     
   2.9452431127404308       0.19509032201612861     
   3.0434178831651120        9.8017140329560826E-002
   3.1415926535897931        1.2246467991473532E-016
